2019—2020学年校历

武汉职业技术学院
2019-2020
学年第
1
学期校历（
2019
年
8
月—
2020
年
1
月）
周次
月份
日
一
二
三
四
五
六
记             事
开学准备
8
月
31
8
月
31
日教职工上班；
31
日
-9
月
1
日老生报到。
1
9
月
1
2
3
4
5
6
7
2
日老生上课；
6-7
日新生报到；
8
日新生军训。
2
8
9
10
11
12
13
14
教师节；中秋节。
3
15
16
17
18
19
20
21
4
22
23
24
25
26
27
28
5
10
月
29
30
10/1
2
3
4
5
国庆节
6
6
7
8
9
10
11
12
8
日新生开课
7
13
14
15
16
17
18
19
8
20
21
22
23
24
25
26
9
11
月
27
28
29
30
31
1
1
/1
2
10
3
4
5
6
7
8
9
建校
46
周年
11
10
11
12
13
14
15
16
12
17
18
19
20
21
22
23
13
24
25
26
27
28
29
30
14
12
月
1
2
/1
2
3
4
5
6
7
15
8
9
10
11
12
13
14
16
15
16
17
18
19
20
21
17
22
23
24
25
26
27
28
18
2020
年
1
月
29
30
31
1/1
2
3
4
元旦
19
5
6
7
8
9
10
11
1
月
6
日
-9
日复习考试，
9
日
16
：
30
学生放假。
本学期教学周
19
周（含考试周），
2020
年
1
月
12
日
(
农历腊月十八
)
教职工放假
,
下学期
2
月
15
日
(
正月二十二
)
开学。
教务处编制
武汉职业技术学院
201
9-
20
20
学年第
2
学期校历（
20
20
年
2
月—
20
20
年
7
月）
周次
月份
日
一
二
三
四
五
六
记          事
开学准备
2
月
15
15
日教职工上班；
15-16
日学生报到。
1
16
17
18
19
20
21
22
17
日上课
2
23
24
25
26
27
28
29
3
3
月
3
/1
2
3
4
5
6
7
4
8
9
10
11
12
13
14
5
15
16
17
18
19
20
21
6
22
23
24
25
26
27
28
7
4
月
29
30
31
4
/1
2
3
4
8
5
6
7
8
9
10
11
清明节
9
12
13
14
15
16
17
18
10
19
20
21
22
23
24
25
11
5
月
26
27
28
29
30
5
/1
2
“
五一”国际劳动节
12
3
4
5
6
7
8
9
13
10
11
12
13
14
15
16
14
17
18
19
20
21
22
23
15
24
25
26
27
28
29
30
16
6
月
31
6
/1
2
3
4
5
6
17
7
8
9
10
11
12
13
18
14
15
16
17
18
19
20
19
21
22
23
24
25
26
27
端午节
20
7
月
28
29
30
7
/1
2
3
4
6
月
29-7
月
2
日复习考试，
7
月
2
日
16
：
30
学生放假（校内教学阶段结束），校外实践教学
2
周（于
2020
年
7
月
2
日
-8
月
28
日期间任选
2
周完成）。
本学期校内教学周
20
周（含考试周），
2020
年
7
月
4
日教职工放假，下学期
8
月
29
日开学。
教务处编制
