高等教育自学考试大纲中规定考试中允许使用计算器的课程
<
序号
课程代码
课程名称
学分
1
00009
政治经济学(财经类)
6
2
00041
基础会计学
5
3
00055
企业会计学
6
4
00065
国民经济统计概论
6
5
00066
货币银行学
6
6
00067
财务管理学
6
7
00070
政府与事业单位会计
4
8
00072
商业银行业务与经营
5
9
00073
银行信贷管理学
6
10
00075
证券投资与管理
5
11
00078
银行会计学
5
12
00090
国际贸易实务(一)
6
13
00100
国际运输与保险
6
14
00102
世界市场行情
4
15
00142
计量经济学
6
16
00144
企业管理概论
5
17
00146
中国税制
4
18
00149
国际贸易理论与实务
6
19
00150
金融理论与实务
6
20
00155
中级财务会计
8
21
00156
成本会计
5
22
00157
管理会计(一)
6
23
00158
资产评估
4
24
00159
高级财务会计
6
25
00160
审计学
4
26
00161
财务报表分析(一)
5
27
00178
市场调查与预测
6
28
00208
国际财务管理
5
29
00420
物理(工)
5
30
00451
教育经济学
6
31
00452
教育统计与测量
6
32
00915
电子商务与现代物流
3
33
02185
机械设计基础
5
34
02187
电工与电子技术
5
35
02194
工程经济
4
36
02195
数控技术及应用
3
37
02197
概率论与数理统计(二)
3
38
02202
传感器与检测技术
4
39
02230
机械制造
7
40
02240
机械工程控制基础
4
41
02245
机电一体化系统设计
5
42
02338
光纤通信原理
4
43
02373
计算机通信网
4
44
02375
运筹学基础
4
45
02387
工程测量
2
46
02389
建筑材料
2
47
02391
工程力学(二)
5.5
48
02393
结构力学(一)
5
49
02396
混凝土及砌体结构
6
50
02398
土力学及地基基础
3.5
51
02400
建筑施工(一)
6
52
02404
工程地质及土力学
3
53
02439
结构力学(二)
6
54
02440
混凝土结构设计
7
55
02442
钢结构
4
56
02447
建筑经济与企业管理
4
57
02448
建筑结构试验
2
58
02627
运筹学与系统分析
5
59
02629
基础工业工程
6
60
02631
计算机辅助管理
5
61
02647
生产管理与质量工程
7
62
02648
设施规划与设计
5
63
02897
企业经营战略与市场营销
4
64
03347
流体力学
4.5
65
04183
概率论与数理统计(经管类)
5
66
04184
线性代数(经管类)
4
67
04742
通信概论
5
68
05361
物流数学
6
69
05364
物流企业会计
5
70
05374
物流企业财务管理
5
71
05755
实用卫生统计学
4
72
10510
连锁与特许经营管理
3
73
10511
销售团队管理
6
74
12400
建筑消防设施
6
75
12401
防火工程
6
76
12406
消防燃烧学
5
77
12407
灭火设施
5
78
12408
防排烟工程
4
79
12409
建筑防火
5
80
12411
电气防火及火灾监控
4
81
12413
工业企业防火
5
82
12417
灭火技术与战术
4
