武汉职业技术学院2021年省直事业单位统一公开招聘工作人员综合成绩公告
职位代码
姓名
笔试成绩
面试
I
成绩
面试
II
成绩
总成绩
位次
42000102101621001
周雅文
73.3333

87.6
81.893
1
42000102101621002
孙葳
66.3333

90
80.533
1
42000102101621003
唐芹
67.5

88
79.800
1
42000102101621003
陈媛媛
73.8333

83.6
79.693
2
42000102101621003
徐钰洁
66

88.4
79.440
3
42000102101621003
石玉莹
70.6667

84.2
78.787
4
42000102101621003
王心尧
68.8333

85.4
78.773
5
42000102101621004
曹晓月
75.5

88.4
83.240
1
42000102101621005
雷文婷
72.6667

88.8
82.347
1
42000102101621006
田丽娜
75.5

87.6
82.760
1
42000102101621007
张珊珊
76.1667

84.4
81.107
1
42000102101621008
雷迪
68.5

86
79.000
1
42000102101621009
颜欣
70.3333

83.8
78.413
1
42000102101621010
李世泽

87.33
88.4
87.758
1
42000102101621011
周秀珍

84.67
85
84.802
1
42000102101621012
胡达天

83.7
85.4
84.380
1
42000102101621013
周凌尧

88.3
87
87.780
1
42000102101621014
谢真真

85
87
85.800
1
42000102101621015
杜鸿

87
84.2
85.880
1
42000102101621016
陈巧林

96.33
88
92.998
1
42000102101621017
徐进平

87.3
82.4
85.340
1
42000102101621018
赵德宝

86
87.4
86.560
1
42000102101621019
李贤贞

87
88
87.400
1
42000102101621020
高经纬

83.33
86.6
84.638
1
42000102101621022
骆雨晴

90.33
87.6
89.238
1
42000102101621023
祝鑫

85.67
89
87.002
1
武汉职业技术学院
2021
年
9
月
22
日
