武汉职业技术学院2022年招聘工作人员成绩公告

武汉职业技术学院
2022
年招聘工作人员成绩公告
岗位代码
姓名
面试成绩（
A1
）
笔试成绩（
A2
）
总成绩
1001
邓琳霞
85.67
85.00
85.40
1001
袁稳
80.33
81.00
80.60
1002
杨雷
87.67
86.50
87.20
1002
邓涵予
86.33
83.50
85.20
1002
熊旸
84.67
80.00
82.80
1003
肖文涵
84.00
87.00
85.20
1003
沈玮
85.33
84.50
85.00
1003
王霜
82.67
87.00
84.40
1004
申宇淇
85.00
87.50
86.00
1004
杜君丹
86.00
85.50
85.80
1004
张萌萌
85.33
81.00
83.60
1005
王海燕
85.00
87.00
85.80
1005
王善娟
83.67
86.00
84.60
1005
李秋晨
83.00
82.00
82.60
1006
朱亮
86.00
82.00
84.40
1006
文嫚
83.00
85.00
83.80
1006
刘祺昕
85.00
81.00
83.40
1007
管俊
86.67
87.00
86.80
1007
黄燚
83.67
86.00
84.60
1007
靳家宝
81.33
86.00
83.20
