武汉职业技术学院2020年省直事业单位统一公开招聘工作人员综合成绩公告
根据上级部门要求，现将武汉职业技术学院
2020
年省直事业单位统一公开招聘工作人员综合成绩予以公告：
职位代码
姓名
笔试成绩
无领导小组讨论
才艺展示
写作
总成绩
位次
14230022132000100
熊毅鹏
64.33
89
87
86.33
78.41
1
14230022132000100
杨光
56.67
85.8
86.4
84.67
74.02
2
14230022132000100
华崇志
48.00
87.4
89.2
86.67
71.72
3
14230022132000100
邵冲
49.17
85
88.6
84.67
71.04
4
14230022132000101
龙珍妮
65.67
90.6
91.2
85.33
79.75
1
14230022132000101
王钰冰
66.67
87.8
87
84.33
78.63
2
14230022132000101
王洁
66.17
82
84
79.67
75.49
3
14230022132000101
孔婕
61.50
85
79.2
85.67
75.02
4
14230022132000101
王雪瑶
60.33
85
86.4
82
74.76
5
14230022132000101
董经纬
59.33
86.2
89.2
76
73.98
6
14230022132000101
桂雨
61.83
82.6
81.6
80.33
73.76
7
14230022132000101
刘文轩
61.17
83.6
81
80.33
73.73
8
14230022132000101
刘艳琪
59.00
81.8
85.4
80.67
72.91
9
14230022132000101
魏莎
59.17
81
82.4
83.33
72.85
10
武汉职业技术学院
2020
年
9
月
18
日

