农产品食品检验员职业等级认定成绩公示
根据湖北省人力资源和社会保障厅《湖北省职业技能等级认定工作实施细则》
([2020]45号）文件的有关规定，现将农产品食品检验员职业技能等级认定考试成绩予以公示，详情见附件。
公示时间为2023年9月20日—2023年10月10日。公示期内若有异议，请及时向继续教育与培训处（027-87766667）反映。


生物工程学院

2023年9月20日
序号
姓名
准考证号
理论成绩
技能成绩
1
曹琪
2305134201007900001
93.5
76
2
邓梦雪
2305134201007900002
89.5
93
3
邓思雨
2305134201007900003
89
91
4
范豪
2305134201007900004
92
74
5
黄海瑞
2305134201007900005
82.5
85
6
刘子缘
2305134201007900006
68
81
7
孙大伟
2305134201007900007
83
82
8
覃妍
2305134201007900008
84
78
9
谭晓涵
2305134201007900009
98
73
10
汪东霖
2305134201007900010
75
90
11
汪亚男
2305134201007900011
48.5
65
12
王本琼
2305134201007900012
95
80
13
王楠
2305134201007900013
91
77
14
乌仁格日丽
2305134201007900014
40.5
72
15
鲜瑞阳
2305134201007900015
72
95
16
向灿灿
2305134201007900016
89.5
90
17
左晓玉
2305134201007900017
83
82
18
郑楠
2305134201002500001
70
84
19
敖鑫悦
2305134201007900018
87
81
20
部自有
2305134201007900019
83
69
21
陈静
2305134201007900020
97
75
22
陈潇
2305134201007900021
93
81
23
陈谢梅
2305134201007900022
94.5
79
24
陈照辉
2305134201007900023
81
92
25
邓怡樊
2305134201007900024
72.5
93
26
董洁
2305134201007900025
86
77
27
董雨萱
2305134201007900026
71
70
28
杜菲宇
2305134201007900027
92
90
29
范艳
2305134201007900028
85
89
30
方乐
2305134201007900029
85.5
82
31
郭辛贝
2305134201007900030
83.5
82
32
何田甜
2305134201007900031
79.5
93
33
何依婷
2305134201007900032
92.5
82
34
胡亮
2305134201007900033
81.5
73
35
金辉楠
2305134201007900034
86.5
74
36
乐慧慧
2305134201007900035
94.5
78
37
李灿贞
2305134201007900036
96
82
38
李俊
2305134201007900037
71.5
81
39
李芮
2305134201007900038
96
85
40
李颖
2305134201007900039
83
91
41
李宗英
2305134201007900040
75.5
80
42
廉道明
2305134201007900041
89
71
43
廖明伊
2305134201007900042
89.5
78
44
林一帆
2305134201007900043
81
73
45
林姿
2305134201007900044
67.5
90
46
刘陈茜
2305134201007900045
93
81
47
刘激覃
2305134201007900046
96
85
48
刘康娜
2305134201007900047
93.5
85
49
刘萍
2305134201007900048
94
78
50
刘叶
2305134201007900049
82.5
88
51
刘雨欣
2305134201007900050
97.5
82
52
鲁郡周
2305134201007900051
72.5
75
53
罗舒然
2305134201007900052
74
91
54
吕依涵
2305134201007900053
100
81
55
马慧萍
2305134201007900054
91
75
56
毛邹灿
2305134201007900055
79
64
57
聂诗玉
2305134201007900056
81.5
93
58
彭世广
2305134201007900057
73
61
59
彭子欣
2305134201007900058
80
81
60
石钰椿
2305134201007900059
87
76
61
帅世兴
2305134201007900060
81
90
62
宋陈洋
2305134201007900061
97
91
63
宋明霞
2305134201007900062
83
91
64
宋思毅
2305134201007900063
67.5
94
65
田文慧
2305134201007900064
82
98
66
童诗慧
2305134201007900065
90
61
67
王慧
2305134201007900066
91.5
89
68
王江楠
2305134201007900067
93.5
68
69
王梦琪
2305134201007900068
84
79
70
王沁怡
2305134201007900069
83.5
96
71
王文婧
2305134201007900070
75
81
72
文玉环
2305134201007900071
93
83
73
习梦琴
2305134201007900072
100
74
74
向孟雄
2305134201007900073
98
86
75
谢钦华
2305134201007900074
93
84
76
熊治英
2305134201007900075
93.5
86
77
徐沁薇
2305134201007900076
81.5
91
78
徐婷
2305134201007900077
95.5
89
79
徐香
2305134201007900078
95
77
80
许婷
2305134201007900079
97
91
81
余洋
2305134201007900080
88
89
82
於项思敏
2305134201007900081
91
78
83
袁洁红
2305134201007900082
96.5
73
84
张华影
2305134201007900083
92
89
85
张兼群
2305134201007900084
94
82
86
张双丽
2305134201007900085
96
82
87
张婷
2305134201007900086
87
79
88
张晓萱
2305134201007900087
51
82
89
郑晓彤
2305134201007900088
99.5
89
90
周扬
2305134201007900089
87
89
91
朱亚钦
2305134201007900090
93.5
91
92
朱怡纤
2305134201007900091
93.5
89

