武职校历
武汉职业技术学院
20
20
-202
1
学年第
1学期校历
（
20
20
年
8
月
—202
1
年
1月）
周次
月份
日
一
二
三
四
五
六
记             事
开学准备
8月






29
8月
29
日教职工上班；
29
-
30
日老生报到。
1
9月
30
31
9/1
2
3
4
5
8月
31
日老生上课。
2
6
7
8
9
10
11
12
教师节。
3
13
14
15
16
17
18
19

4
20
21
22
23
24
25
26

5
10月
27
28
29
30
10/1
2
3
国庆节；中秋节
。
6
4
5
6
7
8
9
10

7
11
12
13
14
15
16
17

8
18
19
20
21
22
23
24

9
25
26
27
28
29
30
31

10
11月
11/1
2
3
4
5
6
7

11
8
9
10
11
12
13
14
建校4
7
周年。
12
15
16
17
18
19
20
21

13
22
23
24
25
26
27
28

14
12月
29
30
12/1
2
3
4
5

15
6
7
8
9
10
11
12

16
13
14
15
16
17
18
19

17
20
21
22
23
24
25
26

18
202
1
年1月
27
28
29
30
31
1/1
2
元旦。
19
3
4
5
6
7
8
9

20
10
11
12
13
14
15
16

21
17
18
19
20
21
22
23
1月
18
日至
1
月
21
日复习考试，1月
21
日16：30学生放假。
22
24
25
26
27
28
2
9
30
2021年
1
月
24
日(农历腊月十二)教职工放假。
本学期教学周
21
周（含考试周），下学期2021年2月
27
日(正月十六)开学。
教务处编制
注：鉴于当前疫情防控形势，如上级部门对开学时间有统一安排发布，将适时调整。
武汉职业技术学院
2020
-
20
2
1学年第
2
学期校历（
20
21
年
2
月
—
20
2
1年
7
月）
周次
月份
日
一
二
三
四
五
六
记          事
开学准备
2月






27
2月
27
日教职工上班；
27
-
28
日学生报到。
1
3月
28
3/1
2
3
4
5
6
3月
1
日学生上课。
2
7
8
9
10
11
12
13

3
14
15
16
17
18
19
20

4
21
22
23
24
25
26
27

5
4月
28
29
30
31
4/1
2
3

6
4
5
6
7
8
9
10
清明节
。
7
11
12
13
14
15
16
17

8
18
19
20
21
22
23
24

9
5月
25
26
27
28
29
30
5/1
“五一”国际劳动节。
10
2
3
4
5
6
7
8

11
9
10
11
12
13
14
15

12
16
17
18
19
20
21
22

13
23
24
25
26
27
28
29

14
6月
30
31
6/1
2
3
4
5

15
6
7
8
9
10
11
12

16
13
14
15
16
17
18
19
端午节
17
20
21
22
23
24
25
26

18
7月
27
28
29
30
7/1
2
3

19
4
5
6
7
8
9
10
7月5-8日复习考试，7月8日16：30学生放假（校内教学阶段结束），校外实践教学2周（于202
1
年7月9日-8月27日期间任选2周完成）。
20

11
12
13
14
15
16
17
202
1
年7月11日教职工放假。
本学期校内教学周
1
9周（含考试周），下学期8月
28
日开学。
教务处编制

