2015-2016学年校历
周次
月份
日
一
二
三
四
五
六
备

注
开学
准备
9
月
1
2
3
4
5
1日教职工上班；5-6日老生报到；
1
6
7
8
9
10
11
12
7日老生上课；8-9日新生报到，9日新生开始军训；期初教学检查；教师节。
2
13
14
15
16
17
18
19
重修开课；全国第十八届推普宣传周.
3
20
21
22
23
24
25
26
24日新生开学典礼、新生校运动队选拔赛；25—30日新生入学教育、领教材。
4
27
28
29
30
10/1
2
3
中秋节、国庆节。
5
10月
4
5
6
7
8
9
10
8日新生开课；学籍异动办理；
6
11
12
13
14
15
16
17
学生电子信息采集。
7
18
19
20
21
22
23
24
22-23日秋季运动会。
8
25
26
27
28
29
30
31
29-30日葛店校区秋季运动会。
9
11月
1
2
3
4
5
6
7
湖北省第三届高职技能大赛。
10
8
9
10
11
12
13
14
建校42周年；期中教学检查（内审）。
11
15
16
17
18
19
20
21
2016届毕业生基本信息确认。
12
22
23
24
25
26
27
28
部署年度岗位考核工作。
13
12月
29
30
12/1
2
3
4
5
编制进程课表。
14
6
7
8
9
10
11
12
公选课征集申报；毕业生信息核对。
15
13
14
15
16
17
18
19
教学工作年度考核；全国大学英语等级考试。
16
20
21
22
23
24
25
26
年度竞赛获奖统计。
17
27
28
29
30
31
1/1
2
元旦；拟定期末试卷；重修考试。
18
2016年1月
3
4
5
6
7
8
9
国家级、省级教学建设项目年度总结。
19
10
11
12
13
14
15
16
学业
考核
17
18
19
20
21
22
23
18-21日复习考试，21日学生放假。23日前成绩录入结束；教职工放假。
寒假
24
25
26
27
28
29
30
本学期
20
周，其中教学周
19
周，考试周
1
周。
2016
年
1
月
24
日
(
农历腊月十五
)
放假
,
下学期
2
月
26
日
(
正月十九
)
开学
,
寒假
33
天。
2月
31
2/1
2
3
4
5
6
7
8
9
10
11
12
13
14
15
16
17
18
19
20
21
22
23
24
25
周次
月份
日
一
二
三
四
五
六
备

注
开学
准备
2月





26
27
26日教职工上班；27-28日学生报到。
1
3
月
28
29
3/1
2
3
4
5
29日上课；期初教学检查。
2
6
7
8
9
10
11
12

3
13
14
15
16
17
18
19
重修开课；普通话水平测试报名。
4
20
21
22
23
24
25
26

5
27
28
29
30
31
4/1
2
申报新专业；专升本资格审查。
6
4月
3
4
5
6
7
8
9
清明节。
7
10
11
12
13
14
15
16
精品资源共享课立项申报。
8
17
18
19
20
21
22
23
下达教学任务；高自考。
9
24
25
26
27
28
29
30

10
5月
1
2
3
4
5
6
7
“五一”国际劳动节。
11
8
9
10
11
12
13
14
期中工作检查（内审）。
12
15
16
17
18
19
20
21
编制课表；教材征订。
13
22
23
24
25
26
27
28
公选课开设征集、申报。
14
29
30
31
6/1
2
3
4
拟定期末试卷；重修考试。
15
6月
5
6
7
8
9
10
11
端午节；全国职业院校技能大赛。
16
12
13
14
15
16
17
18
全国大学英语等级考试；发放毕业证。
17
19
20
21
22
23
24
25
毕业典礼。
18
26
27
28
29
30
7/1
2
校园开放日。
学业
考核
7月
3
4
5
6
7
8
9
4-7日复习考试，7日学生放假；9日前成绩录入结束，教职工放假。高自考。
暑假
10
11
12
13
14
15
16
本学期
19
周，其中教学周
18
周，考试周
1
周。
2016
年
7
月
10
日放假，下学期
9
月
2
日
开学，暑假
54
天。
17
18
19
20
21
22
23
24
25
26
27
28
29
30
31
1
2
3
4
5
6
8月
7
8
9
10
11
12
13
14
15
16
17
18
19
20
21
22
23
24
25
26
27
28
29
30
31



